tagCount: 4
tags:
  - tagId: 1
    pose:
      origin: [0.533820424397262, 0.208741679115475, 0.101090426634581]
      orientation: [0.947922203646586, 0.0532314288314244, 0.141497915967302, -0.280335960225005]
  - tagId: 2
    pose:
      origin: [-0.172049479221309, 0.10930704707717, 0.0774932873152047]
      orientation: [0.166563421574888, 0.393841389198335, -0.603276666085515, 0.673203424608296]
  - tagId: 4
    pose:
      origin: [-0.251553509257212, 0.135297662484538, 0.106448629085764]
      orientation: [0.651538581874598, 0.36369287478744, -0.49914825993836, 0.440540558584783]
  - tagId: 5
    pose:
      origin: [-0.331057539293114, 0.075707931426521, 0.040753911430247]
      orientation: [0.212028142537635, 0.441708533978126, -0.519884441618367, 0.699755532415496]